0000000000000000000000000000000000000000000000000000000000000000000000000000000000000000000000000000
0000000000000000000000000000000000000000000000000000000000000000000000000000000000000000000000000000
0000000000000000000000000000000000000000000000000000000000000000000000000000000000000000000000000000
0000000000000000000000000000000000000000000000000000000000000000000000000000000000000000000000000000
0000000000000000000000000000000000000000000000000000000000000000000000000000000000000000000000000000
0000000000000000000000000000000000000000000000000000000000000000000000000000000000000000000000000000
0000000000000000000000000000000000000001111111100000011111111100000000000000000000000000000000000000
0000000000000000000000000000000000000001111111100000011111111100000000000000000000000000000000000000
0000000000000000000000000000000000000001111111100000011111111100000000000000000000000000000000000000
0011000000001000000001100000000011000001111111100000011111111101100000001100000000011000000001100000
0011000000001000000001100000000011000001111111100000011111111101100000001100000000011000000001100000
0000000000000000000000000000000000000001111111100000011111111100000000000000000000000000000000000000
0000000000000000000000000000000000000001111111100000011111111100000000000000000000000000000000000000
0000000000000000000000000000000000000001111111100000011111111100000000000000000000000000000000000000
0000000000000000000000000000000000000001111111100000011111111100000000000000000000000000000000000000
0000001100000000001100000000110000000001111111100000011111111100000110000000011000000000110000000000
0000001100000000001100000000110000000001111111100000011111111100000110000000011000000000110000000000
0000000000000000000000000000000000000001111111100000011111111100000000000000000000000000000000000000
0000000000000000000000000000000000000001111111100000011111111100000000000000000000000000000000000000
0000000000000000000000000000000000000000000000000000000000000000000000000000000000000000000000000000
0001100000000110000000000000000000110000000000000000000000000000110000000011000000000110000000011000
0001100000000110000000000000000000110000000000000000000000000000110000000011000000000110000000011000
0000000000000000000000000000001110000000000000000000000000000000000000000000000000000000000000000000
0000000000000000000000000000001110000000000000000000000000000000000000000000000000000000000000000000
0000000000000000000000000000001110000000011111100000011111111100000000000000000000000000000000000000
1111111100001110000000000000000000000000011111100000011111111111111111000000000000000000000000000001
1111111100001110000000000000000000000000011111100000011111111111111111000000000000000000000000000001
1111111100001110000000000011100000111111111111100000011111111111111111000000000000000000000000000001
1111111100001110000000000011100000111111111111100000011111111111111111000010011111100011111100111111
1111111100001110000000000011111111111111111111100000011111111111111111000000010000000000000100000001
1111111100000000000000000011111111111111111111100000011111111111111111000000010000000000000100000001
1111111100000000001110000011111111111111111111100000011111111111111111000000010000000000000100000001
1111111100000000001110000011111111111111111111100000011111111111111111000000010000000000000100000001
1111111100000000001110000011111111111111111111100000011111111111111111000000010000000000000100000001
1111111100000000000000000011111111111111111111100000011111111111111111000000010000000000000100000001
1111111100000000011111111111111111111111111111100000011111111111111111000000111110001111110011111111
1111111100000000011111111111111111111111111111100000011111111111111111000000000000001000000000000001
1111111100000000011111111111111111111111111111100000011111111111111111000000000000001000000000000001
1111111100000000011111111111111111111111111111100000011111111111111111000000000000001000000000000001
1111111100000000011111111111111111111111111111100000011111111111111111000000000000001000000000000001
1111111100000000011111111111111111111111111110000000000011111111111111000000000000001000000000000001
1111111111111111111111111111111111111111111110000000000011111111111111000000000000001000000000000001
1111111111111111111111111111111111111111111110000000000011111111111111111111100111100011111110011111
1111111111111111111111111111111111111111111110000000000011111111111111000000000000000000000000000001
1111111111111111111111111111111111111111111110000000000011111111111111000000000000000000000000000001
1111111111111111111111111111111111111111000000000000000000000111111111000000000000000000000000000001
1111111111111111111111111111111111111111000000000000000000000111111111000000000000000000000000000001
0000000000000000000000000000000000000000000000000000000000000000000000000000000000000000000000000000
0000000000000000000000000000000000000000000000000000000000000000000000000000000000000000000000000000
0000000000000000000000000000000000000000000000000110000000000000000000000000000000000000000000000000
0000000000000000000000000000000000000000000000000100000000000000000000000000000000000000000000000000
0000000000000000000000000000000000000000000000000000000000000000000000000000000000000000000000000000
0000000000000000000000000000000000000000000000000000000000000000000000000000000000000000000000000000
1111111100000000011111111111111111111111000000000000000000000111111111111111111111111111111111111111
1111111100000000011111111111111111111111000000000000000000000111111111000000000000000000000000000001
1111111100000000011111111111111111111111000000000000000000000111111111000000000000000000000000000001
1111111100000000011111111111111111111111111100000000000001111111111111000000000000000000000000000001
1111111100000000011111111111111111111111111100000000000001111111111111000010011111100011111100111111
1111111100000000011111111111111111111111111100000000000001111111111111000000000000001000000100000001
1111111100000000011111111111111111111111111100000000000001111111111111000000000000001000000100000001
1111111100000000011111111111111111111111111100000000000001111111111111000000000000001000000100000001
1111111100000000011111111111111111111111111111100000011111111111111111000000000000001000000100000001
1111111100000000000000000011111111111111111111100000011111111111111111000000000000001000000100000001
1111111111111110000000000011111111111111111111100000011111111111111111000000000000001000000100000001
1111111111111110000000000011111111111111111111100000011111111111111111000000111110001111110011111111
1111111111111110000000000011111111111111111111100000011111111111111111000000010000000000000000000001
1111111111111110000000000011111111111111111111100000011111111111111111000000010000000000000000000001
1111111111111110000000000011111111111111111111100000011111111111111111000000010000000000000000000001
1111111111111110000000000000000000111111111111100000011111111111111111000000010000000000000000000001
1111111111111110000000000000000000111111111111100000011111111111111111000000010000000000000000000001
1111111100001110000000000000001110111111111111100000011111111111111111000000010000000000000000000001
1111111100001111111111100000001110111111111111100000011111111111111111111111100111100011111110011111
0000000000000000000000000000001110000000011111100000011111110000000000000000000000000000000000000000
0000000000000000000000000000000000000000011111100000011111110000000000000000000000000000000000000000
0000000000000000000000000000000000000000011111100000011111110000000000000000000000000000000000000000
0000011100000000000000000000000000000000011111100000011111110000011111000000000000000000000000000000
0000011100000000000000000000000000000000011111100000011111110000011111000000000000000000111110000000
0000011100000000000000000000000010000000011111100000011111110000011111000000000000000000111110000000
0000000000000000000000000000000010000000000000000000000000000000000000000000000000000000111110000000
0000000000000000000000000000000011111000000000000000000000000000000000000000000000000000111110000000
0000000000000000000000000000000000000000000000000000000000000000000000000000000000000000000000000000
0000000000000000000000000000000000000000000000000000000000000000000000000000000000000000000000000000
1111111100001111100000011111111111111111000000000000000000000111111111111111100000011111111111111111
1111111100001111100000011111111111111111000000000000000000000111111111111111100000011111111111111111
0000000000000000000000000000000000000000000000000000000000000000000000000000000000000000000000000000
0000000000000000000000000000000000000000011111100000011111110000000000000000000000000000000000000000
0000000000000000000000000000000000000000011111100000011111110000000000000000000000000000000000000000
0000000000000000000000000000000000000000011111100000011111110000000000000000000000000000000000000000
0000000000000000000000000000000000000000011111100000011111110000000000000001111100000000000000000000
0000000000000000000000000000111110000000011111100000011111110000000000000001111100000000000000000000
0000000000000000000000000000111110000000011111100000011111110000000000000001111100000000000000000000
0000000000000000000000000000111110000000011111100000011111110000000000000000000000000000000000000000
0000000000000000000000000000000000000000011111100000011111110000000000000000000000000000000000000000
0000000000001100000000000000000000000000011111100000011111110000000000000000000000000000111111000000
0000000000001100000000000000000000000000011111100000011111110000000000000000000000000000111111000000
0000000000001100000000000000000000000000011111100000011111110000000000000000000000000000111111000000
0000000000000000000000000000000000000000000000000000000000000000000000000000000000000000000000000000
0000000000000000000000000000000000000000000000000000000000000000000000000000000000000000000000000000
0000000000000000000000000000000000000000000000000000000000000000000000000000000000000000000000000000
0000000000000000000000000000000000000000000000000000000000000000000000000000000000000000000000000000
